# view_id  fx  fy  cx  cy  R(9 vals)  t(3 vals)
0  525.0  525.0  320.0  240.0  -0.000000 0.000000 -1.000000 0.274721 -0.961524 -0.000000 -0.961524 -0.274721 0.000000  0.000000 -0.000000 3.640055
1  525.0  525.0  320.0  240.0  0.707107 0.000000 -0.707107 0.246205 -0.937425 0.246205 -0.662860 -0.348187 -0.662860  0.000000 0.000000 3.733631
2  525.0  525.0  320.0  240.0  1.000000 0.000000 -0.000000 0.000000 -0.961524 0.274721 -0.000000 -0.274721 -0.961524  0.000000 -0.000000 3.640055
3  525.0  525.0  320.0  240.0  0.707107 -0.000000 0.707107 -0.138675 -0.980581 0.138675 0.693375 -0.196116 -0.693375  -0.000000 -0.000000 3.569314
4  525.0  525.0  320.0  240.0  0.000000 -0.000000 1.000000 -0.274721 -0.961524 0.000000 0.961524 -0.274721 -0.000000  0.000000 -0.000000 3.640055
5  525.0  525.0  320.0  240.0  -0.707107 0.000000 0.707107 -0.246205 -0.937425 -0.246205 0.662860 -0.348187 0.662860  -0.000000 0.000000 3.733631
6  525.0  525.0  320.0  240.0  -1.000000 0.000000 0.000000 -0.000000 -0.961524 -0.274721 0.000000 -0.274721 0.961524  -0.000000 -0.000000 3.640055
7  525.0  525.0  320.0  240.0  -0.707107 0.000000 -0.707107 0.138675 -0.980581 -0.138675 -0.693375 -0.196116 0.693375  -0.000000 -0.000000 3.569314
